NaYS2	NaYS2	NaYS2	D	E	F	G	H	I	J
510.00	0.0067792	4681.0							
511.00	0.0068120	4703.6							
512.00	0.0067852	4685.1							
513.00	0.0068078	4700.7							
514.00	0.0067370	4651.8							
515.00	0.0066599	4598.5							
516.00	0.0065635	4532.0							
517.00	0.0064979	4486.7							
518.00	0.0063133	4359.2							
519.00	0.010632	7341.5							
520.00	0.0040179	2774.3							
521.00	0.0036566	2524.8							
522.00	0.0039157	2703.7							
523.00	0.0036888	2547.1							
524.00	0.0037978	2622.4							
525.00	0.0038758	2676.2							
526.00	0.0039887	2754.1							
527.00	0.0039498	2727.3							
528.00	0.0034339	2371.0							
529.00	0.0039200	2706.7							
530.00	0.0035735	2467.5							
531.00	0.0037096	2561.4							
532.00	0.0035818	2473.2							
533.00	0.0039551	2730.9							
534.00	0.0037603	2596.4							
535.00	0.0037540	2592.1							
536.00	0.0037408	2583.0							
537.00	0.0035265	2435.0							
538.00	0.0039497	2727.2							
539.00	0.0039481	2726.1							
540.00	0.0037850	2613.5							
541.00	0.0039710	2741.9							
542.00	0.0038644	2668.4							
543.00	0.0039506	2727.9							
544.00	0.0041149	2841.3							
545.00	0.0041942	2896.1							
546.00	0.0041529	2867.5							
547.00	0.0040210	2776.5							
548.00	0.0043516	3004.7							
549.00	0.0044112	3045.9							
550.00	0.0041823	2887.8							
551.00	0.0044993	3106.7							
552.00	0.0046945	3241.5							
553.00	0.0048542	3351.8							
554.00	0.0049097	3390.1							
555.00	0.0046493	3210.3							
556.00	0.0049166	3394.8							
557.00	0.0051562	3560.3							
558.00	0.0053730	3710.0							
559.00	0.0052930	3654.7							
560.00	0.0058944	4070.0							
561.00	0.0061839	4269.9							
562.00	0.0065254	4505.7							
563.00	0.0066865	4617.0							
564.00	0.0071436	4932.6							
565.00	0.0078504	5420.6							
566.00	0.0083995	5799.7							
567.00	0.0086910	6001.0							
568.00	0.0092210	6367.0							
569.00	0.0097884	6758.8							
570.00	0.010578	7304.3							
571.00	0.011529	7960.8							
572.00	0.012142	8384.0							
573.00	0.012463	8605.7							
574.00	0.013454	9289.7							
575.00	0.014443	9972.8							
576.00	0.015620	10785							
577.00	0.016733	11554							
578.00	0.017758	12262							
579.00	0.019155	13227							
580.00	0.020175	13930							
581.00	0.021793	15048							
582.00	0.023062	15924							
583.00	0.024199	16709							
584.00	0.025894	17879							
585.00	0.028092	19398							
586.00	0.028863	19929							
587.00	0.031523	21766							
588.00	0.033501	23132							
589.00	0.034864	24073							
590.00	0.037700	26032							
591.00	0.039800	27481							
592.00	0.042928	29641							
593.00	0.046001	31763							
594.00	0.049345	34072							
595.00	0.052332	36135							
596.00	0.054380	37549							
597.00	0.059565	41129							
598.00	0.062541	43184							
599.00	0.066907	46199							
600.00	0.070911	48963							
601.00	0.074199	51233							
602.00	0.078703	54343							
603.00	0.085044	58722							
604.00	0.089103	61524							
605.00	0.095208	65740							
606.00	0.10017	69165							
607.00	0.10626	73371							
608.00	0.11312	78111							
609.00	0.11906	82209							
610.00	0.12534	86546							
611.00	0.13391	92461							
612.00	0.14070	97150							
613.00	0.14868	1.0266e+05							
614.00	0.15505	1.0706e+05							
615.00	0.16601	1.1463e+05							
616.00	0.17256	1.1915e+05							
617.00	0.18122	1.2513e+05							
618.00	0.19090	1.3181e+05							
619.00	0.20178	1.3933e+05							
620.00	0.21377	1.4760e+05							
621.00	0.22394	1.5463e+05							
622.00	0.23170	1.5999e+05							
623.00	0.24606	1.6990e+05							
624.00	0.25588	1.7668e+05							
625.00	0.27004	1.8646e+05							
626.00	0.28182	1.9459e+05							
627.00	0.29184	2.0151e+05							
628.00	0.30702	2.1200e+05							
629.00	0.32387	2.2363e+05							
630.00	0.33682	2.3257e+05							
631.00	0.35079	2.4222e+05							
632.00	0.36595	2.5268e+05							
633.00	0.38355	2.6484e+05							
634.00	0.39965	2.7595e+05							
635.00	0.41864	2.8907e+05							
636.00	0.43091	2.9754e+05							
637.00	0.44907	3.1008e+05							
638.00	0.46355	3.2008e+05							
639.00	0.48282	3.3338e+05							
640.00	0.50070	3.4573e+05							
641.00	0.51984	3.5895e+05							
642.00	0.53524	3.6958e+05							
643.00	0.55422	3.8268e+05							
644.00	0.57332	3.9587e+05							
645.00	0.59151	4.0843e+05							
646.00	0.61084	4.2178e+05							
647.00	0.62598	4.3223e+05							
648.00	0.64218	4.4342e+05							
649.00	0.66565	4.5962e+05							
650.00	0.67944	4.6914e+05							
651.00	0.70009	4.8340e+05							
652.00	0.71196	4.9160e+05							
653.00	0.73252	5.0580e+05							
654.00	0.75569	5.2179e+05							
655.00	0.76550	5.2857e+05							
656.00	0.78796	5.4408e+05							
657.00	0.80153	5.5345e+05							
658.00	0.81207	5.6072e+05							
659.00	0.83072	5.7360e+05							
660.00	0.84339	5.8235e+05							
661.00	0.85595	5.9102e+05							
662.00	0.86792	5.9929e+05							
663.00	0.88404	6.1042e+05							
664.00	0.89046	6.1485e+05							
665.00	0.90320	6.2365e+05							
666.00	0.91428	6.3130e+05							
667.00	0.92676	6.3991e+05							
668.00	0.92976	6.4199e+05							
669.00	0.94272	6.5094e+05							
670.00	0.95016	6.5608e+05							
671.00	0.96244	6.6455e+05							
672.00	0.96365	6.6539e+05							
673.00	0.96899	6.6908e+05							
674.00	0.97435	6.7277e+05							
675.00	0.98548	6.8046e+05							
676.00	0.98935	6.8314e+05							
677.00	0.99515	6.8714e+05							
678.00	0.99146	6.8459e+05							
679.00	0.99533	6.8726e+05							
680.00	0.99015	6.8369e+05							
681.00	0.99455	6.8673e+05							
682.00	1.0000	6.9049e+05							
683.00	0.99239	6.8523e+05							
684.00	0.99311	6.8573e+05							
685.00	0.98940	6.8317e+05							
686.00	0.98245	6.7837e+05							
687.00	0.98100	6.7737e+05							
688.00	0.97269	6.7163e+05							
689.00	0.97429	6.7273e+05							
690.00	0.96585	6.6691e+05							
691.00	0.96043	6.6317e+05							
692.00	0.95287	6.5794e+05							
693.00	0.94104	6.4978e+05							
694.00	0.93819	6.4781e+05							
695.00	0.92959	6.4187e+05							
696.00	0.92574	6.3921e+05							
697.00	0.91792	6.3381e+05							
698.00	0.90805	6.2700e+05							
699.00	0.89455	6.1768e+05							
700.00	0.88789	6.1308e+05							
701.00	0.87578	6.0472e+05							
702.00	0.87372	6.0329e+05							
703.00	0.86834	5.9958e+05							
704.00	0.85431	5.8989e+05							
705.00	0.84346	5.8240e+05							
706.00	0.83183	5.7437e+05							
707.00	0.82540	5.6993e+05							
708.00	0.81299	5.6136e+05							
709.00	0.80827	5.5810e+05							
710.00	0.79010	5.4556e+05							
711.00	0.78720	5.4355e+05							
712.00	0.76811	5.3037e+05							
713.00	0.75890	5.2401e+05							
714.00	0.75555	5.2170e+05							
715.00	0.74078	5.1150e+05							
716.00	0.73219	5.0557e+05							
717.00	0.72372	4.9972e+05							
718.00	0.70754	4.8855e+05							
719.00	0.69987	4.8325e+05							
720.00	0.68744	4.7467e+05							
721.00	0.67720	4.6759e+05							
722.00	0.66917	4.6206e+05							
723.00	0.65534	4.5250e+05							
724.00	0.64289	4.4391e+05							
725.00	0.63134	4.3594e+05							
726.00	0.61836	4.2697e+05							
727.00	0.61424	4.2412e+05							
728.00	0.59667	4.1199e+05							
729.00	0.58433	4.0347e+05							
730.00	0.56898	3.9288e+05							
731.00	0.56062	3.8710e+05							
732.00	0.55499	3.8322e+05							
733.00	0.54315	3.7504e+05							
734.00	0.53295	3.6800e+05							
735.00	0.51867	3.5814e+05							
736.00	0.50314	3.4741e+05							
737.00	0.49580	3.4234e+05							
738.00	0.49193	3.3967e+05							
739.00	0.48731	3.3648e+05							
740.00	0.46909	3.2390e+05							
741.00	0.46727	3.2264e+05							
742.00	0.45601	3.1487e+05							
743.00	0.44991	3.1066e+05							
744.00	0.43812	3.0251e+05							
745.00	0.43821	3.0257e+05							
746.00	0.42653	2.9452e+05							
747.00	0.42134	2.9093e+05							
748.00	0.41270	2.8496e+05							
749.00	0.40896	2.8238e+05							
750.00	0.39706	2.7417e+05							
751.00	0.39299	2.7135e+05							
752.00	0.38145	2.6339e+05							
753.00	0.37769	2.6079e+05							
754.00	0.37188	2.5678e+05							
755.00	0.36909	2.5485e+05							
756.00	0.35502	2.4514e+05							
757.00	0.34646	2.3922e+05							
758.00	0.34662	2.3934e+05							
759.00	0.34369	2.3732e+05							
760.00	0.34117	2.3557e+05							
761.00	0.32570	2.2489e+05							
762.00	0.32088	2.2157e+05							
763.00	0.31427	2.1700e+05							
764.00	0.31468	2.1728e+05							
765.00	0.30961	2.1378e+05							
766.00	0.30599	2.1128e+05							
767.00	0.30334	2.0945e+05							
768.00	0.29251	2.0197e+05							
769.00	0.28473	1.9660e+05							
770.00	0.27950	1.9299e+05							
771.00	0.28228	1.9491e+05							
772.00	0.27690	1.9119e+05							
773.00	0.27128	1.8732e+05							
774.00	0.26493	1.8294e+05							
775.00	0.25599	1.7676e+05							
776.00	0.25158	1.7371e+05							
777.00	0.25122	1.7347e+05							
778.00	0.24096	1.6638e+05							
779.00	0.24291	1.6772e+05							
780.00	0.22834	1.5767e+05							
781.00	0.22446	1.5499e+05							
782.00	0.21961	1.5164e+05							
783.00	0.21648	1.4948e+05							
784.00	0.20964	1.4475e+05							
785.00	0.20710	1.4300e+05							
786.00	0.20854	1.4400e+05							
787.00	0.20782	1.4350e+05							
788.00	0.20466	1.4132e+05							
789.00	0.19726	1.3620e+05							
790.00	0.19095	1.3185e+05							
791.00	0.18972	1.3100e+05							
792.00	0.18628	1.2862e+05							
793.00	0.17518	1.2096e+05							
794.00	0.16570	1.1442e+05							
795.00	-0.00048109	-332.18							
796.00	0.0019802	1367.3							
797.00	-0.0012491	-862.51							
798.00	-0.00020754	-143.30							
799.00	0.00048121	332.27							
800.00	0.0010345	714.29							
